country,year,suicides,male,female
Albania,1987,73,48,25
Albania,1988,63,41,22
Albania,1989,68,53,15
Albania,1992,47,33,14
Albania,1993,73,46,27
Albania,1994,50,35,15
Albania,1995,88,54,34
Albania,1996,89,50,39
Albania,1997,170,118,52
Albania,1998,154,96,58
Albania,1999,139,91,48
Albania,2000,54,38,16
Albania,2001,119,84,35
Albania,2002,133,91,42
Albania,2003,124,73,51
Albania,2004,146,89,57
Albania,2005,0,0,0
Albania,2006,0,0,0
Albania,2007,124,77,47
Albania,2008,160,99,61
Albania,2009,0,0,0
Albania,2010,96,61,35
Antigua and Barbuda,1985,0,0,0
Antigua and Barbuda,1986,0,0,0
Antigua and Barbuda,1987,0,0,0
Antigua and Barbuda,1988,0,0,0
Antigua and Barbuda,1989,0,0,0
Antigua and Barbuda,1990,1,1,0
Antigua and Barbuda,1991,0,0,0
Antigua and Barbuda,1992,0,0,0
Antigua and Barbuda,1993,1,1,0
Antigua and Barbuda,1994,0,0,0
Antigua and Barbuda,1995,0,0,0
Antigua and Barbuda,1998,0,0,0
Antigua and Barbuda,1999,0,0,0
Antigua and Barbuda,2000,2,2,0
Antigua and Barbuda,2001,2,2,0
Antigua and Barbuda,2002,0,0,0
Antigua and Barbuda,2003,1,1,0
Antigua and Barbuda,2004,2,2,0
Antigua and Barbuda,2005,0,0,0
Antigua and Barbuda,2006,0,0,0
Antigua and Barbuda,2007,1,1,0
Antigua and Barbuda,2008,0,0,0
Antigua and Barbuda,2009,0,0,0
Antigua and Barbuda,2012,0,0,0
Antigua and Barbuda,2013,0,0,0
Antigua and Barbuda,2014,0,0,0
Antigua and Barbuda,2015,1,0,1
Argentina,1985,1988,1450,538
Argentina,1986,2284,1643,641
Argentina,1987,2286,1600,686
Argentina,1988,2354,1689,665
Argentina,1989,2247,1641,606
Argentina,1990,2140,1545,595
Argentina,1991,1951,1452,499
Argentina,1992,2184,1680,504
Argentina,1993,2230,1737,493
Argentina,1994,2241,1731,510
Argentina,1995,2204,1700,504
Argentina,1996,2229,1697,532
Argentina,1997,2184,1645,539
Argentina,1998,2347,1821,526
Argentina,1999,2423,1930,493
Argentina,2000,2774,2224,550
Argentina,2001,3132,2456,676
Argentina,2002,3162,2459,703
Argentina,2003,3289,2605,684
Argentina,2004,3121,2467,654
Argentina,2005,3058,2394,664
Argentina,2006,3108,2496,612
Argentina,2007,2946,2346,600
Argentina,2008,3059,2448,611
Argentina,2009,2884,2300,584
Argentina,2010,2943,2377,566
Argentina,2011,2912,2329,583
Argentina,2012,3248,2620,628
Argentina,2013,2987,2398,589
Argentina,2014,3231,2544,687
Argentina,2015,3073,2469,604
Armenia,1990,93,64,29
Armenia,1991,80,54,26
Armenia,1992,83,64,19
Armenia,1993,106,71,35
Armenia,1994,112,76,36
Armenia,1995,130,95,35
Armenia,1996,87,63,24
Armenia,1997,77,62,15
Armenia,1998,66,48,18
Armenia,1999,67,49,18
Armenia,2000,61,47,14
Armenia,2001,60,48,12
Armenia,2002,74,62,12
Armenia,2003,59,50,9
Armenia,2006,78,61,17
Armenia,2007,71,51,20
Armenia,2008,63,44,19
Armenia,2009,53,43,10
Armenia,2010,73,54,19
Armenia,2011,67,51,16
Armenia,2012,79,59,20
Armenia,2013,67,43,24
Armenia,2014,58,43,15
Armenia,2015,74,55,19
Armenia,2016,67,53,14
Aruba,1995,8,8,0
Aruba,1999,9,9,0
Aruba,2000,10,6,4
Aruba,2001,4,4,0
Aruba,2002,9,9,0
Aruba,2003,2,2,0
Aruba,2004,8,7,1
Aruba,2005,10,5,5
Aruba,2006,9,7,2
Aruba,2007,8,7,1
Aruba,2008,4,3,1
Aruba,2009,4,4,0
Aruba,2010,7,6,1
Aruba,2011,9,7,2
Australia,1985,1861,1436,425
Australia,1986,2044,1581,463
Australia,1987,2164,1727,437
Australia,1988,2172,1712,460
Australia,1989,2066,1642,424
Australia,1990,2202,1758,444
Australia,1991,2288,1806,482
Australia,1992,2251,1786,465
Australia,1993,2038,1640,398
Australia,1994,2283,1865,418
Australia,1995,2170,1711,459
Australia,1996,2426,1966,460
Australia,1997,2646,2089,557
Australia,1998,2632,2108,524
Australia,1999,2488,1999,489
Australia,2000,2391,1886,505
Australia,2001,2458,1936,522
Australia,2002,2319,1813,506
Australia,2003,2156,1685,471
Australia,2004,2114,1672,442
Australia,2006,2117,1623,494
Australia,2007,2229,1699,530
Australia,2008,2341,1833,508
Australia,2009,2337,1785,552
Australia,2010,2420,1867,553
Australia,2011,2392,1812,580
Australia,2012,2580,1930,650
Australia,2013,2608,1944,664
Australia,2014,2891,2182,709
Australia,2015,3027,2292,735
Austria,1985,2091,1467,624
Austria,1986,2139,1511,628
Austria,1987,2069,1445,624
Austria,1988,1851,1322,529
Austria,1989,1898,1313,585
Austria,1990,1825,1284,541
Austria,1991,1769,1299,470
Austria,1992,1759,1282,477
Austria,1993,1704,1244,460
Austria,1994,1776,1285,491
Austria,1995,1788,1333,455
Austria,1996,1779,1336,443
Austria,1997,1592,1175,417
Austria,1998,1559,1177,382
Austria,1999,1555,1126,429
Austria,2000,1588,1156,432
Austria,2001,1489,1081,408
Austria,2002,1553,1190,363
Austria,2003,1456,1068,388
Austria,2004,1422,1076,346
Austria,2005,1399,1049,350
Austria,2006,1297,1000,297
Austria,2007,1285,968,317
Austria,2008,1267,963,304
Austria,2009,1278,972,306
Austria,2010,1264,970,294
Austria,2011,1288,975,313
Austria,2012,1276,987,289
Austria,2013,1291,967,324
Austria,2014,1314,990,324
Austria,2015,1251,961,290
Austria,2016,1201,906,295
Azerbaijan,1990,114,89,25
Azerbaijan,1991,134,102,32
Azerbaijan,1992,144,106,38
Azerbaijan,1993,119,83,36
Azerbaijan,1994,47,28,19
Azerbaijan,1995,49,42,7
Azerbaijan,1996,69,56,13
Azerbaijan,1997,107,86,21
Azerbaijan,1998,56,41,15
Azerbaijan,1999,54,44,10
Azerbaijan,2000,62,46,16
Azerbaijan,2001,317,236,81
Azerbaijan,2002,92,73,19
Azerbaijan,2003,129,93,36
Azerbaijan,2004,108,78,30
Azerbaijan,2007,55,41,14
Bahamas,1985,1,1,0
Bahamas,1987,3,3,0
Bahamas,1993,7,6,1
Bahamas,1994,3,3,0
Bahamas,1995,2,2,0
Bahamas,1996,3,3,0
Bahamas,1997,2,2,0
Bahamas,1998,3,3,0
Bahamas,1999,6,5,1
Bahamas,2000,11,9,2
Bahamas,2001,1,1,0
Bahamas,2002,3,3,0
Bahamas,2003,1,1,0
Bahamas,2004,2,2,0
Bahamas,2005,4,3,1
Bahamas,2006,2,2,0
Bahamas,2007,5,4,1
Bahamas,2008,4,4,0
Bahamas,2009,6,5,1
Bahamas,2010,10,6,4
Bahamas,2011,4,3,1
Bahamas,2012,5,4,1
Bahamas,2013,5,4,1
Bahrain,1985,11,10,1
Bahrain,1987,9,7,2
Bahrain,1988,14,13,1
Bahrain,1997,0,0,0
Bahrain,1998,0,0,0
Bahrain,1999,17,14,3
Bahrain,2000,29,28,1
Bahrain,2001,23,20,3
Bahrain,2002,25,18,7
Bahrain,2003,34,29,5
Bahrain,2004,42,35,7
Bahrain,2005,42,35,7
Bahrain,2006,28,17,11
Bahrain,2007,40,34,6
Bahrain,2008,43,35,8
Bahrain,2009,36,30,6
Bahrain,2010,19,15,4
Bahrain,2011,18,12,6
Bahrain,2012,19,18,1
Bahrain,2013,5,5,0
Bahrain,2014,9,8,1
Barbados,1985,7,5,2
Barbados,1986,8,7,1
Barbados,1987,6,4,2
Barbados,1988,12,11,1
Barbados,1989,16,12,4
Barbados,1990,16,13,3
Barbados,1991,17,13,4
Barbados,1992,14,11,3
Barbados,1993,16,15,1
Barbados,1994,14,10,4
Barbados,1995,17,12,5
Barbados,2000,10,8,2
Barbados,2001,2,2,0
Barbados,2002,0,0,0
Barbados,2003,0,0,0
Barbados,2004,3,3,0
Barbados,2005,1,1,0
Barbados,2006,9,9,0
Barbados,2007,0,0,0
Barbados,2008,1,0,1
Barbados,2009,5,5,0
Barbados,2010,3,3,0
Barbados,2011,0,0,0
Barbados,2012,0,0,0
Barbados,2013,0,0,0
Belarus,1990,2085,1650,435
Belarus,1991,2169,1727,442
Belarus,1992,2424,1954,470
Belarus,1993,2885,2360,525
Belarus,1994,3153,2582,571
Belarus,1995,3203,2689,514
Belarus,1996,3627,3081,546
Belarus,1997,3526,2964,562
Belarus,1998,3556,3006,550
Belarus,1999,3397,2868,529
Belarus,2000,3483,2978,505
Belarus,2001,3303,2813,490
Belarus,2002,3291,2780,511
Belarus,2003,3456,2916,540
Belarus,2007,2659,2203,456
Belarus,2008,2658,2187,471
Belarus,2009,2743,2238,505
Belarus,2010,2459,2069,390
Belarus,2011,2172,1792,380
Belarus,2013,1902,1568,334
Belarus,2014,1741,1465,276
Belgium,1985,2281,1522,759
Belgium,1986,2202,1488,714
Belgium,1987,2238,1543,695
Belgium,1988,1996,1353,643
Belgium,1989,1920,1338,582
Belgium,1990,1895,1303,592
Belgium,1991,1805,1278,527
Belgium,1992,1878,1313,565
Belgium,1993,2142,1552,590
Belgium,1994,2131,1543,588
Belgium,1995,2155,1550,605
Belgium,1996,2013,1458,555
Belgium,1997,2146,1551,595
Belgium,1998,2019,1462,557
Belgium,1999,1857,1361,496
Belgium,2000,2143,1526,617
Belgium,2001,2165,1582,583
Belgium,2002,2076,1497,579
Belgium,2003,2091,1537,554
Belgium,2004,1987,1450,537
Belgium,2005,2029,1477,552
Belgium,2006,1935,1395,540
Belgium,2007,1857,1320,537
Belgium,2008,1999,1452,547
Belgium,2009,2013,1459,554
Belgium,2010,2013,1450,563
Belgium,2011,2088,1488,600
Belgium,2012,2026,1485,541
Belgium,2013,1895,1363,532
Belgium,2014,1899,1338,561
Belgium,2015,1867,1315,552
Belize,1986,3,2,1
Belize,1987,4,4,0
Belize,1989,1,1,0
Belize,1990,3,2,1
Belize,1991,2,2,0
Belize,1993,1,1,0
Belize,1994,8,7,1
Belize,1995,14,13,1
Belize,1996,8,8,0
Belize,1997,1,1,0
Belize,1998,12,11,1
Belize,1999,18,18,0
Belize,2000,18,14,4
Belize,2001,19,17,2
Belize,2002,14,9,5
Belize,2003,12,8,4
Belize,2004,20,19,1
Belize,2005,12,11,1
Belize,2006,11,9,2
Belize,2007,8,6,2
Belize,2008,11,10,1
Belize,2009,15,11,4
Belize,2010,15,13,2
Belize,2011,33,28,5
Belize,2012,18,16,2
Belize,2013,17,16,1
Belize,2014,24,18,6
Belize,2015,26,22,4
Bosnia and Herzegovina,2011,5,5,0
Bosnia and Herzegovina,2014,313,243,70
Brazil,1985,4228,3162,1066
Brazil,1986,4271,3117,1154
Brazil,1987,4672,3509,1163
Brazil,1988,4466,3327,1139
Brazil,1989,4463,3392,1071
Brazil,1990,4803,3589,1214
Brazil,1991,5156,3961,1195
Brazil,1992,5207,4033,1174
Brazil,1993,5508,4321,1187
Brazil,1994,5896,4605,1291
Brazil,1995,6536,5135,1401
Brazil,1996,6698,5300,1398
Brazil,1997,6891,5474,1417
Brazil,1998,6922,5477,1445
Brazil,1999,6507,5281,1226
Brazil,2000,6763,5383,1380
Brazil,2001,7710,6153,1557
Brazil,2002,7697,6003,1694
Brazil,2003,7839,6234,1605
Brazil,2004,7995,6292,1703
Brazil,2005,8529,6725,1804
Brazil,2006,8618,6817,1801
Brazil,2007,8855,6984,1871
Brazil,2008,9184,7266,1918
Brazil,2009,9346,7473,1873
Brazil,2010,9429,7356,2073
Brazil,2011,9822,7734,2088
Brazil,2012,10295,8041,2254
Brazil,2013,10513,8290,2223
Brazil,2014,10631,8398,2233
Brazil,2015,11163,8766,2397
Bulgaria,1985,1456,1034,422
Bulgaria,1986,1408,975,433
Bulgaria,1987,1492,1063,429
Bulgaria,1988,1452,1025,427
Bulgaria,1989,1460,1041,419
Bulgaria,1990,1323,920,403
Bulgaria,1991,1384,1001,383
Bulgaria,1992,1519,1108,411
Bulgaria,1993,1470,1023,447
Bulgaria,1994,1464,1048,416
Bulgaria,1995,1433,1020,413
Bulgaria,1996,1526,1111,415
Bulgaria,1997,1465,1002,463
Bulgaria,1998,1503,1055,448
Bulgaria,1999,1307,965,342
Bulgaria,2000,1383,1001,382
Bulgaria,2001,1314,951,363
Bulgaria,2002,1317,981,336
Bulgaria,2003,1092,800,292
Bulgaria,2004,1013,746,267
Bulgaria,2005,982,727,255
Bulgaria,2006,977,752,225
Bulgaria,2007,902,663,239
Bulgaria,2008,939,694,245
Bulgaria,2009,868,662,206
Bulgaria,2010,859,649,210
Bulgaria,2011,763,605,158
Bulgaria,2012,872,673,199
Bulgaria,2013,721,573,148
Bulgaria,2014,724,552,172
Cabo Verde,2011,42,37,5
Canada,1985,3258,2565,693
Canada,1986,3670,2850,820
Canada,1987,3591,2792,799
Canada,1988,3510,2734,776
Canada,1989,3491,2695,796
Canada,1990,3378,2673,705
Canada,1991,3593,2875,718
Canada,1992,3708,2922,786
Canada,1993,3803,3014,789
Canada,1994,3748,2968,780
Canada,1995,3968,3156,812
Canada,1996,3941,3093,848
Canada,1997,3681,2914,767
Canada,1998,3699,2925,774
Canada,1999,4074,3224,850
Canada,2000,3606,2798,808
Canada,2001,3694,2871,823
Canada,2002,3650,2851,799
Canada,2003,3765,2903,862
Canada,2004,3613,2734,879
Canada,2005,3743,2857,886
Canada,2006,3512,2695,817
Canada,2007,3611,2727,884
Canada,2008,3705,2777,928
Canada,2009,3890,2989,901
Canada,2010,3951,2981,970
Canada,2011,3728,2781,947
Canada,2012,3926,2972,954
Canada,2013,4054,3041,1013
Chile,1985,683,572,111
Chile,1986,654,532,122
Chile,1987,693,568,125
Chile,1988,697,580,117
Chile,1989,725,626,99
Chile,1990,743,634,109
Chile,1991,787,654,133
Chile,1992,658,562,96
Chile,1993,740,624,116
Chile,1994,801,704,97
Chile,1995,930,807,123
Chile,1996,917,796,121
Chile,1997,910,776,134
Chile,1998,1031,899,132
Chile,1999,1041,903,138
Chile,2000,1473,1266,207
Chile,2001,1625,1392,233
Chile,2002,1603,1357,246
Chile,2003,1654,1402,252
Chile,2004,1735,1472,263
Chile,2005,1682,1403,279
Chile,2006,1795,1498,297
Chile,2007,1848,1496,352
Chile,2008,2088,1674,414
Chile,2009,2148,1724,424
Chile,2010,2001,1618,383
Chile,2011,2027,1657,370
Chile,2012,1841,1510,331
Chile,2013,1738,1420,318
Chile,2014,1789,1475,314
Chile,2015,1838,1460,378
Colombia,1985,1001,783,218
Colombia,1986,958,740,218
Colombia,1987,951,756,195
Colombia,1988,912,741,171
Colombia,1989,831,653,178
Colombia,1990,865,665,200
Colombia,1991,1010,798,212
Colombia,1992,1086,850,236
Colombia,1993,1085,871,214
Colombia,1994,1198,930,268
Colombia,1995,1150,889,261
Colombia,1996,1209,951,258
Colombia,1997,1242,961,281
Colombia,1998,2052,1552,500
Colombia,1999,2143,1650,493
Colombia,2000,2358,1815,543
Colombia,2001,2412,1855,557
Colombia,2002,2379,1815,564
Colombia,2003,2269,1692,577
Colombia,2004,2244,1743,501
Colombia,2005,2102,1637,465
Colombia,2006,2177,1717,460
Colombia,2007,2181,1727,454
Colombia,2008,2220,1772,448
Colombia,2009,2249,1802,447
Colombia,2010,2107,1710,397
Colombia,2011,2044,1662,382
Colombia,2012,2119,1732,387
Colombia,2013,2068,1663,405
Colombia,2014,2126,1755,371
Colombia,2015,2332,1850,482
Costa Rica,1985,128,112,16
Costa Rica,1986,131,118,13
Costa Rica,1987,119,97,22
Costa Rica,1988,138,121,17
Costa Rica,1989,167,136,31
Costa Rica,1990,157,139,18
Costa Rica,1991,125,106,19
Costa Rica,1992,149,126,23
Costa Rica,1993,164,137,27
Costa Rica,1994,162,133,29
Costa Rica,1995,209,173,36
Costa Rica,1996,209,185,24
Costa Rica,1997,187,159,28
Costa Rica,1998,223,200,23
Costa Rica,1999,233,210,23
Costa Rica,2000,239,211,28
Costa Rica,2001,198,170,28
Costa Rica,2002,275,236,39
Costa Rica,2003,315,262,53
Costa Rica,2004,325,281,44
Costa Rica,2005,272,231,41
Costa Rica,2006,350,295,55
Costa Rica,2007,270,226,44
Costa Rica,2008,261,227,34
Costa Rica,2009,278,236,42
Costa Rica,2010,311,268,43
Costa Rica,2011,316,263,53
Costa Rica,2012,302,260,42
Costa Rica,2013,311,272,39
Costa Rica,2014,268,223,45
Croatia,1995,929,687,242
Croatia,1996,1001,738,263
Croatia,1997,946,692,254
Croatia,1998,1029,745,284
Croatia,1999,989,716,273
Croatia,2000,926,692,234
Croatia,2001,881,656,225
Croatia,2002,874,644,230
Croatia,2003,865,672,193
Croatia,2004,871,645,226
Croatia,2005,874,651,223
Croatia,2006,796,573,223
Croatia,2007,775,577,198
Croatia,2008,793,609,184
Croatia,2009,790,618,172
Croatia,2010,776,584,192
Croatia,2011,702,520,182
Croatia,2012,776,596,180
Croatia,2013,692,546,146
Croatia,2014,722,536,186
Croatia,2015,739,542,197
Croatia,2016,683,515,168
Cuba,1992,2299,1333,966
Cuba,1993,2374,1410,964
Cuba,1994,2278,1441,837
Cuba,1995,2222,1409,813
Cuba,1996,2014,1354,660
Cuba,1997,2029,1401,628
Cuba,1998,2056,1401,655
Cuba,1999,2050,1466,584
Cuba,2000,1845,1310,535
Cuba,2001,1652,1203,449
Cuba,2002,1606,1147,459
Cuba,2003,1499,1126,373
Cuba,2004,1515,1144,371
Cuba,2005,1397,1046,351
Cuba,2006,1376,1103,273
Cuba,2007,1307,1041,266
Cuba,2008,1377,1067,310
Cuba,2009,1477,1141,336
Cuba,2010,1558,1229,329
Cuba,2011,1529,1214,315
Cuba,2012,1495,1199,296
Cuba,2013,1499,1201,298
Cuba,2014,1453,1146,307
Cuba,2015,1511,1211,300
Cyprus,1999,1,1,0
Cyprus,2000,7,7,0
Cyprus,2004,7,5,2
Cyprus,2005,17,12,5
Cyprus,2006,19,12,7
Cyprus,2007,19,15,4
Cyprus,2008,41,31,10
Cyprus,2009,32,25,7
Cyprus,2010,38,30,8
Cyprus,2011,30,25,5
Cyprus,2012,36,34,2
Cyprus,2013,45,40,5
Cyprus,2014,44,31,13
Cyprus,2015,40,31,9
Cyprus,2016,36,31,5
Czech Republic,1990,1997,1434,563
Czech Republic,1991,1904,1393,511
Czech Republic,1992,1991,1485,506
Czech Republic,1993,1917,1412,505
Czech Republic,1994,1872,1341,531
Czech Republic,1995,1733,1284,449
Czech Republic,1996,1568,1206,362
Czech Republic,1997,1666,1311,355
Czech Republic,1998,1613,1268,345
Czech Republic,1999,1610,1285,325
Czech Republic,2000,1649,1298,351
Czech Republic,2001,1623,1294,329
Czech Republic,2002,1534,1216,318
Czech Republic,2003,1719,1365,354
Czech Republic,2004,1583,1286,297
Czech Republic,2005,1565,1273,292
Czech Republic,2006,1400,1142,258
Czech Republic,2007,1379,1149,230
Czech Republic,2008,1379,1123,256
Czech Republic,2009,1464,1230,234
Czech Republic,2010,1502,1245,257
Czech Republic,2011,1590,1337,253
Czech Republic,2012,1658,1380,278
Czech Republic,2013,1577,1294,283
Czech Republic,2014,1489,1196,293
Czech Republic,2015,1387,1133,254
Czech Republic,2016,1318,1060,258
Denmark,1994,999,680,319
Denmark,1995,924,625,299
Denmark,1996,892,631,261
Denmark,1997,817,560,257
Denmark,1998,763,547,216
Denmark,1999,762,563,199
Denmark,2000,728,533,195
Denmark,2001,727,507,220
Denmark,2002,688,503,185
Denmark,2003,633,480,153
Denmark,2004,661,469,192
Denmark,2005,631,457,174
Denmark,2006,650,472,178
Denmark,2007,581,401,180
Denmark,2008,603,418,185
Denmark,2009,622,477,145
Denmark,2010,563,405,158
Denmark,2011,589,437,152
Denmark,2012,661,494,167
Denmark,2013,610,450,160
Denmark,2014,629,469,160
Denmark,2015,564,390,174
Dominica,1985,0,0,0
Ecuador,1985,393,279,114
Ecuador,1986,377,246,131
Ecuador,1987,390,259,131
Ecuador,1988,466,324,142
Ecuador,1989,431,267,164
Ecuador,1990,448,295,153
Ecuador,1991,494,305,189
Ecuador,1992,505,333,172
Ecuador,1993,574,352,222
Ecuador,1994,512,341,171
Ecuador,1995,546,366,180
Ecuador,1996,593,396,197
Ecuador,1997,579,390,189
Ecuador,1998,546,373,173
Ecuador,1999,616,426,190
Ecuador,2000,534,371,163
Ecuador,2001,584,399,185
Ecuador,2002,577,397,180
Ecuador,2003,675,453,222
Ecuador,2004,791,555,236
Ecuador,2005,943,683,260
Ecuador,2006,900,602,298
Ecuador,2007,1005,731,274
Ecuador,2008,928,673,255
Ecuador,2009,964,719,245
Ecuador,2010,912,658,254
Ecuador,2011,918,654,264
Ecuador,2012,976,711,265
Ecuador,2013,676,490,186
Ecuador,2014,734,567,167
Ecuador,2015,1073,807,266
El Salvador,1990,571,375,196
El Salvador,1991,474,320,154
El Salvador,1992,419,272,147
El Salvador,1993,424,272,152
El Salvador,1995,620,418,202
El Salvador,1996,540,372,168
El Salvador,1997,577,379,198
El Salvador,1998,512,345,167
El Salvador,1999,515,346,169
El Salvador,2000,461,319,142
El Salvador,2001,514,362,152
El Salvador,2002,436,304,132
El Salvador,2003,527,388,139
El Salvador,2004,464,349,115
El Salvador,2005,455,337,118
El Salvador,2006,411,293,118
El Salvador,2007,501,389,112
El Salvador,2008,490,374,116
El Salvador,2009,506,393,113
El Salvador,2010,399,304,95
El Salvador,2011,485,367,118
El Salvador,2012,512,396,116
El Salvador,2013,484,386,98
El Salvador,2014,386,278,108
Estonia,1995,594,466,128
Estonia,1996,545,433,112
Estonia,1997,522,431,91
Estonia,1998,477,396,81
Estonia,1999,468,375,93
Estonia,2000,377,289,88
Estonia,2001,401,315,86
Estonia,2002,371,299,72
Estonia,2003,342,276,66
Estonia,2004,323,264,59
Estonia,2005,273,220,53
Estonia,2006,247,191,56
Estonia,2007,251,205,46
Estonia,2008,242,189,53
Estonia,2009,269,220,49
Estonia,2010,223,181,42
Estonia,2011,218,178,40
Estonia,2012,237,190,47
Estonia,2013,218,171,47
Estonia,2014,241,193,48
Estonia,2015,195,159,36
Fiji,2001,36,28,8
Fiji,2002,42,26,16
Fiji,2003,10,6,4
Fiji,2004,24,16,8
Fiji,2005,22,16,6
Fiji,2006,24,15,9
Fiji,2007,13,10,3
Fiji,2008,37,25,12
Fiji,2009,26,19,7
Fiji,2011,38,30,8
Fiji,2012,32,22,10
Finland,1987,1363,1065,298
Finland,1988,1402,1107,295
Finland,1989,1413,1118,295
Finland,1990,1512,1193,319
Finland,1991,1493,1190,303
Finland,1992,1451,1156,295
Finland,1993,1397,1106,291
Finland,1994,1387,1080,307
Finland,1995,1388,1080,308
Finland,1996,1247,965,282
Finland,1997,1322,1038,284
Finland,1998,1228,962,266
Finland,1999,1207,954,253
Finland,2000,1165,873,292
Finland,2001,1204,933,271
Finland,2002,1095,824,271
Finland,2003,1075,815,260
Finland,2004,1064,812,252
Finland,2005,994,724,270
Finland,2006,1062,803,259
Finland,2007,995,751,244
Finland,2008,1033,801,232
Finland,2009,1034,761,273
Finland,2010,954,718,236
Finland,2011,912,710,202
Finland,2012,873,655,218
Finland,2013,887,666,221
Finland,2014,789,599,190
Finland,2015,731,558,173
France,1985,12501,8898,3603
France,1986,12529,8872,3657
France,1987,12161,8587,3574
France,1988,11599,8234,3365
France,1989,11715,8343,3372
France,1990,11403,8178,3225
France,1991,11502,8221,3281
France,1992,11644,8442,3202
France,1993,12251,8861,3390
France,1994,12041,8872,3169
France,1995,11819,8605,3214
France,1996,11279,8174,3105
France,1997,11139,8099,3040
France,1998,10534,7771,2763
France,1999,10268,7427,2841
France,2000,10849,7975,2874
France,2001,10449,7660,2789
France,2002,10643,7728,2915
France,2003,10871,8038,2833
France,2004,10804,7855,2949
France,2005,10713,7829,2884
France,2006,10423,7593,2830
France,2007,10127,7419,2708
France,2008,10353,7619,2734
France,2009,10499,7765,2734
France,2010,10379,7641,2738
France,2011,10408,7790,2618
France,2012,9743,7326,2417
France,2013,9600,7225,2375
France,2014,8881,6661,2220
Georgia,1990,196,140,56
Georgia,1991,174,123,51
Georgia,1992,204,151,53
Georgia,1994,123,90,33
Georgia,1995,138,106,32
Georgia,1996,162,124,38
Georgia,1997,176,141,35
Georgia,1998,148,118,30
Georgia,1999,189,147,42
Georgia,2000,130,102,28
Georgia,2001,100,73,27
Georgia,2004,175,147,28
Georgia,2005,87,69,18
Georgia,2006,72,59,13
Georgia,2007,104,84,20
Georgia,2009,188,149,39
Georgia,2010,112,96,16
Georgia,2011,99,84,15
Georgia,2012,104,91,13
Georgia,2013,157,134,23
Georgia,2014,194,158,36
Georgia,2015,192,144,48
Germany,1990,13924,9534,4390
Germany,1991,14010,9656,4354
Germany,1992,13458,9326,4132
Germany,1993,12690,8960,3730
Germany,1994,12718,9130,3588
Germany,1995,12888,9222,3666
Germany,1996,12225,8728,3497
Germany,1997,12256,8835,3421
Germany,1998,11654,8581,3073
Germany,1999,11160,8082,3078
Germany,2000,11073,8136,2937
Germany,2001,11167,8196,2971
Germany,2002,11176,8117,3059
Germany,2003,11155,8182,2973
Germany,2004,10741,7946,2795
Germany,2005,10270,7531,2739
Germany,2006,9775,7231,2544
Germany,2007,9409,7012,2397
Germany,2008,9459,7045,2414
Germany,2009,9579,7206,2373
Germany,2010,10030,7471,2559
Germany,2011,10153,7651,2502
Germany,2012,9896,7289,2607
Germany,2013,10091,7456,2635
Germany,2014,10217,7629,2588
Germany,2015,10088,7403,2685
Greece,1985,405,277,128
Greece,1986,393,292,101
Greece,1987,410,296,114
Greece,1988,403,288,115
Greece,1989,383,278,105
Greece,1990,349,271,78
Greece,1991,381,297,84
Greece,1992,351,279,72
Greece,1993,412,308,104
Greece,1994,355,281,74
Greece,1995,370,306,64
Greece,1996,356,294,62
Greece,1997,374,319,55
Greece,1998,403,315,88
Greece,1999,381,296,85
Greece,2000,382,298,84
Greece,2001,334,286,48
Greece,2002,323,257,66
Greece,2003,375,306,69
Greece,2004,353,285,68
Greece,2005,400,321,79
Greece,2006,394,326,68
Greece,2007,328,268,60
Greece,2008,373,308,65
Greece,2009,391,333,58
Greece,2010,377,336,41
Greece,2011,477,393,84
Greece,2012,508,417,91
Greece,2013,533,425,108
Greece,2014,565,450,115
Greece,2015,529,422,107
Grenada,1985,1,1,0
Grenada,1988,4,3,1
Grenada,1989,4,4,0
Grenada,1990,2,2,0
Grenada,1991,0,0,0
Grenada,1992,0,0,0
Grenada,1993,3,3,0
Grenada,1994,4,4,0
Grenada,1995,1,0,1
Grenada,1996,1,1,0
Grenada,2001,0,0,0
Grenada,2002,0,0,0
Grenada,2003,4,4,0
Grenada,2004,1,1,0
Grenada,2005,6,5,1
Grenada,2006,1,1,0
Grenada,2007,3,2,1
Grenada,2008,0,0,0
Grenada,2009,0,0,0
Grenada,2010,0,0,0
Grenada,2011,1,1,0
Grenada,2012,2,2,0
Grenada,2013,0,0,0
Grenada,2014,0,0,0
Grenada,2015,0,0,0
Grenada,2016,0,0,0
Guatemala,1986,203,167,36
Guatemala,1987,241,184,57
Guatemala,1988,174,143,31
Guatemala,1989,152,122,30
Guatemala,1990,158,131,27
Guatemala,1991,156,124,32
Guatemala,1992,173,135,38
Guatemala,1993,165,135,30
Guatemala,1994,142,122,20
Guatemala,1995,211,164,47
Guatemala,1996,157,124,33
Guatemala,1997,179,135,44
Guatemala,1998,201,156,45
Guatemala,1999,234,192,42
Guatemala,2000,182,142,40
Guatemala,2001,202,150,52
Guatemala,2002,258,194,64
Guatemala,2003,253,200,53
Guatemala,2004,250,184,66
Guatemala,2005,238,177,61
Guatemala,2006,298,227,71
Guatemala,2007,327,263,64
Guatemala,2008,492,371,121
Guatemala,2009,511,366,145
Guatemala,2010,352,270,82
Guatemala,2011,359,251,108
Guatemala,2012,420,310,110
Guatemala,2013,455,331,124
Guatemala,2014,512,356,156
Guatemala,2015,494,350,144
Guyana,1988,56,42,14
Guyana,1989,94,68,26
Guyana,1990,89,64,25
Guyana,1991,105,76,29
Guyana,1992,78,60,18
Guyana,1993,72,57,15
Guyana,1994,86,59,27
Guyana,1995,99,77,22
Guyana,1996,60,51,9
Guyana,1997,40,36,4
Guyana,1998,35,31,4
Guyana,1999,163,121,42
Guyana,2001,197,154,43
Guyana,2002,176,142,34
Guyana,2003,198,153,45
Guyana,2004,186,138,48
Guyana,2005,169,127,42
Guyana,2006,201,151,50
Guyana,2007,185,143,42
Guyana,2008,168,124,44
Guyana,2009,156,109,47
Guyana,2010,205,156,49
Guyana,2011,192,153,39
Guyana,2012,206,156,50
Guyana,2013,210,160,50
Hungary,1991,3993,2880,1113
Hungary,1992,4000,2939,1061
Hungary,1993,3694,2715,979
Hungary,1994,3625,2727,898
Hungary,1995,3366,2475,891
Hungary,1996,3436,2520,916
Hungary,1997,3208,2383,825
Hungary,1998,3245,2468,777
Hungary,1999,3326,2548,778
Hungary,2000,3269,2463,806
Hungary,2001,2978,2282,696
Hungary,2002,2839,2192,647
Hungary,2003,2800,2160,640
Hungary,2004,2742,2087,655
Hungary,2005,2619,2026,593
Hungary,2006,2461,1861,600
Hungary,2007,2450,1879,571
Hungary,2008,2476,1910,566
Hungary,2009,2460,1901,559
Hungary,2010,2489,1942,547
Hungary,2011,2420,1846,574
Hungary,2012,2349,1803,546
Hungary,2013,2092,1587,505
Hungary,2014,1925,1478,447
Hungary,2015,1868,1389,479
Hungary,2016,1761,1315,446
Iceland,1985,32,25,7
Iceland,1986,37,25,12
Iceland,1987,36,22,14
Iceland,1988,35,30,5
Iceland,1989,22,16,6
Iceland,1990,40,35,5
Iceland,1991,37,29,8
Iceland,1992,28,23,5
Iceland,1993,26,19,7
Iceland,1994,25,21,4
Iceland,1995,27,22,5
Iceland,1996,33,28,5
Iceland,1997,33,26,7
Iceland,1998,30,23,7
Iceland,1999,31,24,7
Iceland,2000,50,42,8
Iceland,2001,36,28,8
Iceland,2002,30,20,10
Iceland,2003,26,20,6
Iceland,2004,35,26,9
Iceland,2005,33,24,9
Iceland,2006,32,22,10
Iceland,2007,37,30,7
Iceland,2008,38,27,11
Iceland,2009,36,29,7
Iceland,2010,46,36,10
Iceland,2011,27,22,5
Iceland,2012,37,26,11
Iceland,2013,49,35,14
Iceland,2014,44,33,11
Iceland,2015,40,29,11
Iceland,2016,40,36,4
Ireland,1985,276,216,60
Ireland,1986,282,215,67
Ireland,1987,245,185,60
Ireland,1988,266,195,71
Ireland,1989,278,213,65
Ireland,1990,334,251,83
Ireland,1991,345,282,63
Ireland,1992,362,304,58
Ireland,1993,326,259,67
Ireland,1994,394,304,90
Ireland,1995,403,320,83
Ireland,1996,408,345,63
Ireland,1997,466,376,90
Ireland,1998,498,425,73
Ireland,1999,424,342,82
Ireland,2000,463,381,82
Ireland,2001,488,409,79
Ireland,2002,449,368,81
Ireland,2003,454,358,96
Ireland,2004,464,390,74
Ireland,2005,451,363,88
Ireland,2006,452,372,80
Ireland,2007,458,362,96
Ireland,2008,506,386,120
Ireland,2009,527,422,105
Ireland,2010,486,386,100
Ireland,2011,554,458,96
Ireland,2012,542,446,96
Ireland,2013,487,391,96
Ireland,2014,486,399,87
Israel,1985,234,159,75
Israel,1986,278,182,96
Israel,1987,271,193,78
Israel,1988,303,214,89
Israel,1989,353,248,105
Israel,1990,304,220,84
Israel,1991,359,262,97
Israel,1992,381,278,103
Israel,1993,371,272,99
Israel,1994,416,304,112
Israel,1995,360,258,102
Israel,1996,306,231,75
Israel,1997,379,301,78
Israel,1998,318,239,79
Israel,1999,368,297,71
Israel,2000,394,307,87
Israel,2001,398,323,75
Israel,2002,382,291,91
Israel,2003,417,345,72
Israel,2004,411,320,91
Israel,2005,425,304,121
Israel,2006,367,279,88
Israel,2007,326,263,63
Israel,2008,354,294,60
Israel,2009,404,310,94
Israel,2010,480,394,86
Israel,2011,409,322,87
Israel,2012,430,349,81
Israel,2013,372,291,81
Israel,2014,382,294,88
Israel,2015,342,269,73
Italy,1985,4759,3371,1388
Italy,1986,4691,3293,1398
Italy,1987,4516,3263,1253
Italy,1988,4381,3095,1286
Italy,1989,4342,3124,1218
Italy,1990,4402,3181,1221
Italy,1991,4453,3206,1247
Italy,1992,4543,3339,1204
Italy,1993,4697,3516,1181
Italy,1994,4536,3411,1125
Italy,1995,4569,3430,1139
Italy,1996,4689,3458,1231
Italy,1997,4694,3547,1147
Italy,1998,4504,3448,1056
Italy,1999,4115,3105,1010
Italy,2000,4108,3062,1046
Italy,2001,4030,3050,980
Italy,2002,4069,3145,924
Italy,2003,4075,3078,997
Italy,2004,3986,3046,940
Italy,2005,3742,2803,939
Italy,2006,3700,2841,859
Italy,2007,3757,2893,864
Italy,2008,3904,2997,907
Italy,2009,3974,3093,881
Italy,2010,3989,3128,861
Italy,2011,4153,3290,863
Italy,2012,4257,3324,933
Italy,2013,4290,3322,968
Italy,2014,4147,3215,932
Italy,2015,3988,3105,883
Jamaica,1985,8,6,2
Jamaica,1986,1,1,0
Jamaica,1987,13,10,3
Jamaica,1988,5,3,2
Jamaica,1989,0,0,0
Jamaica,1990,3,3,0
Jamaica,1991,1,1,0
Jamaica,2000,3,3,0
Jamaica,2001,5,4,1
Jamaica,2002,2,2,0
Jamaica,2003,2,1,1
Jamaica,2004,1,1,0
Jamaica,2005,51,43,8
Jamaica,2006,0,0,0
Jamaica,2009,36,33,3
Jamaica,2010,3,3,0
Jamaica,2011,50,44,6
Japan,1985,23257,15245,8012
Japan,1986,25484,16350,9134
Japan,1987,23663,15143,8520
Japan,1988,22676,14186,8490
Japan,1989,21013,12846,8167
Japan,1990,20002,12248,7754
Japan,1991,19780,12400,7380
Japan,1992,20756,13396,7360
Japan,1993,20353,13394,6959
Japan,1994,20744,13892,6852
Japan,1995,21249,14079,7170
Japan,1996,21967,14701,7266
Japan,1997,23280,15706,7574
Japan,1998,31458,22078,9380
Japan,1999,31115,22129,8986
Japan,2000,29989,21415,8574
Japan,2001,29132,20868,8264
Japan,2002,29715,21467,8248
Japan,2003,31881,23190,8691
Japan,2004,30034,21764,8270
Japan,2005,30369,22070,8299
Japan,2006,29769,21283,8486
Japan,2007,30665,21867,8798
Japan,2008,30073,21405,8668
Japan,2009,30523,22015,8508
Japan,2010,29411,20905,8506
Japan,2011,28766,19781,8985
Japan,2012,26338,18402,7936
Japan,2013,25991,18081,7910
Japan,2014,24357,16820,7537
Japan,2015,23092,16146,6946
Kazakhstan,1990,3172,2393,779
Kazakhstan,1991,3082,2386,696
Kazakhstan,1992,3356,2571,785
Kazakhstan,1993,4019,3190,829
Kazakhstan,1994,4024,3244,780
Kazakhstan,1995,4706,3906,800
Kazakhstan,1996,4773,3996,777
Kazakhstan,1997,4642,3881,761
Kazakhstan,1998,4313,3584,729
Kazakhstan,1999,3991,3328,663
Kazakhstan,2000,4428,3682,746
Kazakhstan,2001,4377,3719,658
Kazakhstan,2002,4240,3562,678
Kazakhstan,2003,4321,3633,688
Kazakhstan,2004,4394,3702,692
Kazakhstan,2005,3903,3269,634
Kazakhstan,2006,4076,3401,675
Kazakhstan,2007,4141,3420,721
Kazakhstan,2008,3997,3230,767
Kazakhstan,2009,3838,3120,718
Kazakhstan,2010,3609,2964,645
Kazakhstan,2011,3401,2793,608
Kazakhstan,2012,3240,2677,563
Kazakhstan,2013,3512,2837,675
Kazakhstan,2014,3119,2556,563
Kazakhstan,2015,2872,2342,530
Kiribati,1991,10,8,2
Kiribati,1992,4,3,1
Kiribati,1993,12,10,2
Kiribati,1994,10,8,2
Kiribati,1995,2,2,0
Kiribati,1996,6,3,3
Kiribati,1997,5,5,0
Kiribati,1998,4,4,0
Kiribati,1999,0,0,0
Kiribati,2000,0,0,0
Kiribati,2001,0,0,0
Kuwait,1985,17,14,3
Kuwait,1986,16,12,4
Kuwait,1987,16,11,5
Kuwait,1993,18,12,6
Kuwait,1994,30,18,12
Kuwait,1995,26,21,5
Kuwait,1996,30,19,11
Kuwait,1997,33,16,17
Kuwait,1998,35,20,15
Kuwait,1999,46,33,13
Kuwait,2000,34,20,14
Kuwait,2001,30,25,5
Kuwait,2002,45,34,11
Kuwait,2003,44,30,14
Kuwait,2004,45,28,17
Kuwait,2005,52,41,11
Kuwait,2006,45,34,11
Kuwait,2007,51,37,14
Kuwait,2008,47,33,14
Kuwait,2009,61,40,21
Kuwait,2010,39,26,13
Kuwait,2011,41,26,15
Kuwait,2012,56,37,19
Kuwait,2013,41,28,13
Kuwait,2014,68,50,18
Kyrgyzstan,1990,547,400,147
Kyrgyzstan,1991,543,410,133
Kyrgyzstan,1992,491,385,106
Kyrgyzstan,1993,563,442,121
Kyrgyzstan,1994,581,493,88
Kyrgyzstan,1995,605,467,138
Kyrgyzstan,1996,480,392,88
Kyrgyzstan,1997,496,409,87
Kyrgyzstan,1998,509,421,88
Kyrgyzstan,1999,556,457,99
Kyrgyzstan,2000,510,414,96
Kyrgyzstan,2001,560,483,77
Kyrgyzstan,2002,567,467,100
Kyrgyzstan,2003,479,397,82
Kyrgyzstan,2004,438,363,75
Kyrgyzstan,2005,470,386,84
Kyrgyzstan,2006,463,366,97
Kyrgyzstan,2007,482,366,116
Kyrgyzstan,2008,473,379,94
Kyrgyzstan,2009,458,362,96
Kyrgyzstan,2010,500,395,105
Kyrgyzstan,2011,471,363,108
Kyrgyzstan,2012,524,402,122
Kyrgyzstan,2013,446,349,97
Kyrgyzstan,2014,461,358,103
Kyrgyzstan,2015,417,327,90
Latvia,1995,1024,825,199
Latvia,1996,922,741,181
Latvia,1997,886,706,180
Latvia,1998,839,678,161
Latvia,1999,763,593,170
Latvia,2000,770,618,152
Latvia,2001,708,571,137
Latvia,2002,670,521,149
Latvia,2003,604,482,122
Latvia,2004,563,457,106
Latvia,2005,564,445,119
Latvia,2006,487,407,80
Latvia,2007,453,358,95
Latvia,2008,527,427,100
Latvia,2009,516,416,100
Latvia,2010,438,376,62
Latvia,2011,440,365,75
Latvia,2012,444,371,73
Latvia,2013,383,322,61
Latvia,2014,382,311,71
Latvia,2015,387,306,81
Lithuania,1995,1694,1388,306
Lithuania,1996,1722,1388,334
Lithuania,1997,1632,1348,284
Lithuania,1998,1553,1285,268
Lithuania,1999,1550,1285,265
Lithuania,2000,1631,1317,314
Lithuania,2001,1533,1255,278
Lithuania,2002,1551,1309,242
Lithuania,2003,1455,1199,256
Lithuania,2004,1380,1124,256
Lithuania,2005,1319,1084,235
Lithuania,2006,1049,853,196
Lithuania,2007,1025,848,177
Lithuania,2008,1111,918,193
Lithuania,2009,1138,952,186
Lithuania,2010,1018,829,189
Lithuania,2011,1018,817,201
Lithuania,2012,927,753,174
Lithuania,2013,1085,887,198
Lithuania,2014,930,769,161
Lithuania,2015,896,727,169
Lithuania,2016,822,693,129
Luxembourg,1985,55,39,16
Luxembourg,1986,51,37,14
Luxembourg,1987,74,45,29
Luxembourg,1988,69,52,17
Luxembourg,1989,73,54,19
Luxembourg,1990,68,47,21
Luxembourg,1991,77,54,23
Luxembourg,1992,59,29,30
Luxembourg,1993,64,48,16
Luxembourg,1994,74,61,13
Luxembourg,1995,63,45,18
Luxembourg,1996,72,53,19
Luxembourg,1997,81,60,21
Luxembourg,1998,64,48,16
Luxembourg,1999,70,49,21
Luxembourg,2000,62,47,15
Luxembourg,2001,73,50,23
Luxembourg,2002,85,63,22
Luxembourg,2003,48,40,8
Luxembourg,2004,62,45,17
Luxembourg,2005,49,39,10
Luxembourg,2006,65,47,18
Luxembourg,2007,78,53,25
Luxembourg,2008,43,35,8
Luxembourg,2009,48,36,12
Luxembourg,2010,54,43,11
Luxembourg,2011,55,37,18
Luxembourg,2012,51,39,12
Luxembourg,2013,40,24,16
Luxembourg,2014,67,52,15
Luxembourg,2015,64,45,19
Macau,1994,27,15,12
Maldives,2000,0,0,0
Maldives,2001,3,2,1
Maldives,2002,3,2,1
Maldives,2003,4,3,1
Maldives,2004,1,0,1
Maldives,2005,1,1,0
Maldives,2007,5,3,2
Maldives,2008,0,0,0
Maldives,2010,1,1,0
Maldives,2011,2,2,0
Malta,1985,2,2,0
Malta,1986,1,0,1
Malta,1987,1,1,0
Malta,1988,9,8,1
Malta,1989,23,18,5
Malta,1990,8,8,0
Malta,1991,10,9,1
Malta,1992,18,12,6
Malta,1993,16,9,7
Malta,1994,15,12,3
Malta,1995,17,11,6
Malta,1996,10,9,1
Malta,1997,15,11,4
Malta,1998,12,11,1
Malta,1999,27,22,5
Malta,2000,23,17,6
Malta,2001,30,23,7
Malta,2002,19,11,8
Malta,2003,20,17,3
Malta,2004,24,14,10
Malta,2005,19,16,3
Malta,2006,26,21,5
Malta,2007,26,25,1
Malta,2008,14,12,2
Malta,2009,36,33,3
Malta,2010,31,29,2
Malta,2011,20,20,0
Malta,2012,25,19,6
Malta,2013,22,21,1
Malta,2014,32,27,5
Malta,2015,34,27,7
Mauritius,1985,104,68,36
Mauritius,1986,28,20,8
Mauritius,1987,140,87,53
Mauritius,1988,167,111,56
Mauritius,1989,144,107,37
Mauritius,1990,147,91,56
Mauritius,1991,137,94,43
Mauritius,1992,146,100,46
Mauritius,1993,138,93,45
Mauritius,1994,129,107,22
Mauritius,1995,147,115,32
Mauritius,1996,153,117,36
Mauritius,1997,122,102,20
Mauritius,1998,155,114,41
Mauritius,1999,174,120,54
Mauritius,2000,137,107,30
Mauritius,2001,113,76,37
Mauritius,2002,131,102,29
Mauritius,2003,88,64,24
Mauritius,2004,97,75,22
Mauritius,2005,102,79,23
Mauritius,2006,118,89,29
Mauritius,2007,127,97,30
Mauritius,2008,84,72,12
Mauritius,2009,115,92,23
Mauritius,2010,98,76,22
Mauritius,2011,118,95,23
Mauritius,2012,115,89,26
Mauritius,2013,98,83,15
Mauritius,2014,120,96,24
Mauritius,2015,104,78,26
Mauritius,2016,98,83,15
Mexico,1985,1544,1279,265
Mexico,1986,1714,1445,269
Mexico,1987,1701,1416,285
Mexico,1988,1703,1423,280
Mexico,1989,1865,1580,285
Mexico,1990,1926,1648,278
Mexico,1991,2103,1789,314
Mexico,1992,2237,1899,338
Mexico,1993,2342,2011,331
Mexico,1994,2588,2195,393
Mexico,1995,2877,2434,443
Mexico,1996,3008,2514,494
Mexico,1997,3350,2811,539
Mexico,1998,3312,2802,510
Mexico,1999,3327,2819,508
Mexico,2000,3456,2919,537
Mexico,2001,3760,3088,672
Mexico,2002,3826,3170,656
Mexico,2003,4070,3376,694
Mexico,2004,4056,3381,675
Mexico,2005,4274,3544,730
Mexico,2006,4230,3521,709
Mexico,2007,4285,3523,762
Mexico,2008,4642,3782,860
Mexico,2009,5023,4057,966
Mexico,2010,4858,3958,900
Mexico,2011,5558,4487,1071
Mexico,2012,5381,4330,1051
Mexico,2013,5711,4668,1043
Mexico,2014,6178,4950,1228
Mexico,2015,6234,4986,1248
Mongolia,2016,423,371,52
Montenegro,2000,0,0,0
Montenegro,2001,0,0,0
Montenegro,2002,0,0,0
Montenegro,2003,0,0,0
Montenegro,2004,0,0,0
Montenegro,2005,118,82,36
Montenegro,2006,0,0,0
Montenegro,2007,121,89,32
Montenegro,2008,126,80,46
Montenegro,2009,107,77,30
Netherlands,1985,1638,1048,590
Netherlands,1986,1604,998,606
Netherlands,1987,1616,995,621
Netherlands,1988,1523,965,558
Netherlands,1989,1520,953,567
Netherlands,1990,1450,909,541
Netherlands,1991,1611,1033,578
Netherlands,1992,1587,1041,546
Netherlands,1993,1555,1020,535
Netherlands,1994,1584,1084,500
Netherlands,1995,1511,1000,511
Netherlands,1996,1577,1043,534
Netherlands,1997,1572,1042,530
Netherlands,1998,1519,1002,517
Netherlands,1999,1519,1016,503
Netherlands,2000,1501,1000,501
Netherlands,2001,1474,1010,464
Netherlands,2002,1570,1063,507
Netherlands,2003,1502,1018,484
Netherlands,2004,1514,1022,492
Netherlands,2005,1574,1074,500
Netherlands,2006,1525,1046,479
Netherlands,2007,1354,944,410
Netherlands,2008,1439,991,448
Netherlands,2009,1530,1068,462
Netherlands,2010,1604,1127,477
Netherlands,2011,1650,1137,513
Netherlands,2012,1756,1186,570
Netherlands,2013,1856,1307,549
Netherlands,2014,1839,1250,589
Netherlands,2015,1873,1282,591
Netherlands,2016,1886,1273,613
New Zealand,1985,338,255,83
New Zealand,1986,414,301,113
New Zealand,1987,463,363,100
New Zealand,1988,484,381,103
New Zealand,1989,465,372,93
New Zealand,1990,455,363,92
New Zealand,1991,474,380,94
New Zealand,1992,493,397,96
New Zealand,1993,443,349,94
New Zealand,1994,512,409,103
New Zealand,1995,545,429,116
New Zealand,1996,540,428,112
New Zealand,1997,562,441,121
New Zealand,1998,574,442,132
New Zealand,1999,516,385,131
New Zealand,2000,458,375,83
New Zealand,2001,508,389,119
New Zealand,2002,467,354,113
New Zealand,2003,519,378,141
New Zealand,2004,495,382,113
New Zealand,2005,514,382,132
New Zealand,2006,527,388,139
New Zealand,2007,494,376,118
New Zealand,2008,520,381,139
New Zealand,2009,512,394,118
New Zealand,2010,536,387,149
New Zealand,2011,493,377,116
New Zealand,2012,549,404,145
New Zealand,2013,513,366,147
Nicaragua,2010,351,274,77
Nicaragua,2011,369,276,93
Nicaragua,2012,316,234,82
Nicaragua,2013,351,276,75
Nicaragua,2014,311,241,70
Nicaragua,2015,315,230,85
Norway,1986,579,419,160
Norway,1987,649,486,163
Norway,1988,708,510,198
Norway,1989,660,481,179
Norway,1990,659,488,171
Norway,1991,675,499,176
Norway,1992,616,449,167
Norway,1993,590,449,141
Norway,1994,531,379,152
Norway,1995,548,411,137
Norway,1996,517,389,128
Norway,1997,533,387,146
Norway,1998,548,399,149
Norway,1999,583,430,153
Norway,2000,541,409,132
Norway,2001,549,411,138
Norway,2002,494,362,132
Norway,2003,502,374,128
Norway,2004,529,359,170
Norway,2005,533,360,173
Norway,2006,532,391,141
Norway,2007,485,336,149
Norway,2008,505,347,158
Norway,2009,573,416,157
Norway,2010,548,384,164
Norway,2011,598,434,164
Norway,2012,515,369,146
Norway,2013,554,378,176
Norway,2014,548,401,147
Norway,2015,590,400,190
Oman,2009,13,13,0
Oman,2010,13,13,0
Oman,2014,7,7,0
Panama,1985,56,44,12
Panama,1986,82,67,15
Panama,1987,85,64,21
Panama,1988,87,66,21
Panama,1989,70,61,9
Panama,1996,113,98,15
Panama,1997,145,124,21
Panama,1998,148,124,24
Panama,1999,143,124,19
Panama,2000,143,124,19
Panama,2001,162,139,23
Panama,2002,160,130,30
Panama,2003,195,174,21
Panama,2004,186,152,34
Panama,2005,172,148,24
Panama,2006,185,172,13
Panama,2007,171,150,21
Panama,2008,186,154,32
Panama,2009,177,149,28
Panama,2010,151,130,21
Panama,2011,144,125,19
Panama,2012,135,117,18
Panama,2013,130,117,13
Panama,2014,147,127,20
Panama,2015,110,91,19
Paraguay,1985,63,36,27
Paraguay,1986,56,33,23
Paraguay,1987,62,39,23
Paraguay,1989,67,48,19
Paraguay,1990,99,49,50
Paraguay,1991,75,48,27
Paraguay,1994,108,81,27
Paraguay,1995,118,83,35
Paraguay,1996,99,69,30
Paraguay,1997,126,85,41
Paraguay,1998,138,93,45
Paraguay,1999,161,106,55
Paraguay,2000,154,107,47
Paraguay,2001,152,98,54
Paraguay,2002,177,111,66
Paraguay,2003,174,129,45
Paraguay,2004,234,157,77
Paraguay,2005,239,155,84
Paraguay,2006,251,182,69
Paraguay,2007,227,159,68
Paraguay,2008,222,160,62
Paraguay,2009,283,213,70
Paraguay,2010,223,160,63
Paraguay,2011,298,222,76
Paraguay,2012,275,187,88
Paraguay,2013,323,247,76
Paraguay,2014,379,269,110
Philippines,1992,347,244,103
Philippines,1993,846,506,340
Philippines,1997,814,595,219
Philippines,1998,883,665,218
Philippines,1999,1043,788,255
Philippines,2000,1403,1045,358
Philippines,2001,1204,927,277
Philippines,2002,1301,999,302
Philippines,2003,1544,1142,402
Philippines,2006,1788,1386,402
Philippines,2007,1698,1292,406
Philippines,2008,1820,1411,409
Philippines,2009,2074,1549,525
Philippines,2010,2116,1629,487
Philippines,2011,2449,1879,570
Poland,1990,4970,4091,879
Poland,1991,5316,4448,868
Poland,1992,5713,4732,981
Poland,1993,5624,4641,983
Poland,1994,5519,4628,891
Poland,1995,5499,4562,937
Poland,1996,5446,4537,909
Poland,1999,5779,4895,884
Poland,2000,5841,4869,972
Poland,2001,5855,5005,850
Poland,2002,5925,4933,992
Poland,2003,5836,4948,888
Poland,2004,6072,5162,910
Poland,2005,6045,5138,907
Poland,2006,5805,4947,858
Poland,2007,5284,4472,812
Poland,2008,5682,4870,812
Poland,2009,6477,5531,946
Poland,2010,6357,5517,840
Poland,2011,6113,5353,760
Poland,2012,6368,5558,810
Poland,2013,6218,5378,840
Poland,2014,5934,5123,811
Poland,2015,5420,4697,723
Portugal,1985,983,693,290
Portugal,1986,941,672,269
Portugal,1987,960,709,251
Portugal,1988,819,623,196
Portugal,1989,747,549,198
Portugal,1990,870,642,228
Portugal,1991,942,708,234
Portugal,1992,866,630,236
Portugal,1993,780,586,194
Portugal,1994,762,587,175
Portugal,1995,809,582,227
Portugal,1996,653,491,162
Portugal,1997,628,483,145
Portugal,1998,556,416,140
Portugal,1999,545,407,138
Portugal,2000,524,417,107
Portugal,2001,761,586,175
Portugal,2002,1210,947,263
Portugal,2003,1156,889,267
Portugal,2007,1020,751,269
Portugal,2008,1038,794,244
Portugal,2009,1025,803,222
Portugal,2010,1099,834,265
Portugal,2011,1017,794,223
Portugal,2012,1076,859,217
Portugal,2013,1052,811,241
Portugal,2014,1222,924,298
Puerto Rico,1985,269,234,35
Puerto Rico,1986,310,272,38
Puerto Rico,1987,272,234,38
Puerto Rico,1988,314,284,30
Puerto Rico,1989,327,292,35
Puerto Rico,1990,371,333,38
Puerto Rico,1991,355,319,36
Puerto Rico,1992,314,279,35
Puerto Rico,1993,345,311,34
Puerto Rico,1994,355,320,35
Puerto Rico,1995,289,255,34
Puerto Rico,1996,331,297,34
Puerto Rico,1997,273,254,19
Puerto Rico,1998,321,290,31
Puerto Rico,1999,289,257,32
Puerto Rico,2000,305,278,27
Puerto Rico,2001,289,255,34
Puerto Rico,2002,239,202,37
Puerto Rico,2003,262,240,22
Puerto Rico,2004,279,256,23
Puerto Rico,2005,289,248,41
Puerto Rico,2006,265,243,22
Puerto Rico,2007,271,228,43
Puerto Rico,2008,300,253,47
Puerto Rico,2009,330,301,29
Puerto Rico,2010,286,241,45
Puerto Rico,2011,258,216,42
Puerto Rico,2012,248,204,44
Puerto Rico,2013,241,204,37
Puerto Rico,2014,220,188,32
Puerto Rico,2015,226,201,25
Qatar,1995,0,0,0
Qatar,2001,23,18,5
Qatar,2004,21,20,1
Qatar,2005,17,16,1
Qatar,2006,29,24,5
Qatar,2007,41,37,4
Qatar,2008,33,31,2
Qatar,2009,44,41,3
Qatar,2010,47,46,1
Qatar,2011,50,45,5
Qatar,2012,43,38,5
Qatar,2013,37,36,1
Qatar,2014,55,52,3
Qatar,2015,66,57,9
Qatar,2016,68,63,5
Republic of Korea,1985,3689,2691,998
Republic of Korea,1986,3458,2568,890
Republic of Korea,1987,3301,2400,901
Republic of Korea,1988,2949,2118,831
Republic of Korea,1989,3023,2124,899
Republic of Korea,1990,3159,2197,962
Republic of Korea,1991,3069,2139,930
Republic of Korea,1992,3533,2467,1066
Republic of Korea,1993,4124,2848,1276
Republic of Korea,1994,4212,2862,1350
Republic of Korea,1995,4841,3319,1522
Republic of Korea,1996,5857,4042,1815
Republic of Korea,1997,6024,4162,1862
Republic of Korea,1998,8569,6200,2369
Republic of Korea,1999,7075,4968,2107
Republic of Korea,2000,6444,4481,1963
Republic of Korea,2001,6911,4852,2059
Republic of Korea,2002,8611,5939,2672
Republic of Korea,2003,10898,7514,3384
Republic of Korea,2004,11492,7879,3613
Republic of Korea,2005,12011,8026,3985
Republic of Korea,2006,10653,7227,3426
Republic of Korea,2007,12174,7747,4427
Republic of Korea,2008,12858,8260,4598
Republic of Korea,2009,15402,9927,5475
Republic of Korea,2010,15558,10321,5237
Republic of Korea,2011,15906,10866,5040
Republic of Korea,2012,14159,9621,4538
Republic of Korea,2013,14426,10059,4367
Republic of Korea,2014,13834,9735,4099
Republic of Korea,2015,13510,9556,3954
Romania,1989,2529,1886,643
Romania,1990,2079,1523,556
Romania,1991,2161,1638,523
Romania,1992,2650,2077,573
Romania,1993,2774,2191,583
Romania,1994,2887,2298,589
Romania,1995,2793,2256,537
Romania,1996,2828,2335,493
Romania,1997,2859,2375,484
Romania,1998,2838,2350,488
Romania,1999,2736,2235,501
Romania,2000,2836,2325,511
Romania,2001,2720,2278,442
Romania,2002,3067,2539,528
Romania,2003,2894,2386,508
Romania,2004,2720,2276,444
Romania,2005,2603,2133,470
Romania,2006,2721,2240,481
Romania,2007,2430,1984,446
Romania,2008,2472,2026,446
Romania,2009,2586,2197,389
Romania,2010,2766,2304,462
Romania,2011,2536,2142,394
Romania,2012,2495,2142,353
Romania,2013,2407,2043,364
Romania,2014,2209,1887,322
Romania,2015,2228,1886,342
Romania,2016,1953,1643,310
Russian Federation,1989,37921,29373,8548
Russian Federation,1990,39028,30286,8742
Russian Federation,1991,39281,30821,8460
Russian Federation,1992,45923,36794,9129
Russian Federation,1993,55846,45750,10096
Russian Federation,1994,61420,51032,10388
Russian Federation,1995,60548,49915,10633
Russian Federation,1996,57511,47826,9685
Russian Federation,1997,54746,45252,9494
Russian Federation,1998,51518,42547,8971
Russian Federation,1999,56974,47065,9909
Russian Federation,2000,56619,47520,9099
Russian Federation,2001,56958,47952,9006
Russian Federation,2002,55024,45967,9057
Russian Federation,2003,51445,42995,8450
Russian Federation,2004,49096,40894,8202
Russian Federation,2005,45802,38338,7464
Russian Federation,2006,42614,35387,7227
Russian Federation,2007,41149,33808,7341
Russian Federation,2008,38211,31286,6925
Russian Federation,2009,37408,30923,6485
Russian Federation,2010,33356,27561,5795
Russian Federation,2011,31038,25470,5568
Russian Federation,2012,29643,24189,5454
Russian Federation,2013,28690,23714,4976
Russian Federation,2014,26541,21886,4655
Russian Federation,2015,25432,20861,4571
Saint Kitts and Nevis,1990,0,0,0
Saint Kitts and Nevis,1991,0,0,0
Saint Kitts and Nevis,1992,0,0,0
Saint Lucia,1986,5,5,0
Saint Lucia,1987,11,10,1
Saint Lucia,1988,10,6,4
Saint Lucia,1989,8,5,3
Saint Lucia,1990,3,2,1
Saint Lucia,1991,6,6,0
Saint Lucia,1992,11,11,0
Saint Lucia,1993,8,8,0
Saint Lucia,1994,6,4,2
Saint Lucia,1995,10,9,1
Saint Lucia,1996,7,6,1
Saint Lucia,1997,9,9,0
Saint Lucia,1998,8,5,3
Saint Lucia,1999,8,7,1
Saint Lucia,2000,14,11,3
Saint Lucia,2001,7,7,0
Saint Lucia,2002,12,8,4
Saint Lucia,2003,10,6,4
Saint Lucia,2004,8,8,0
Saint Lucia,2005,4,4,0
Saint Lucia,2006,2,2,0
Saint Lucia,2008,0,0,0
Saint Lucia,2009,13,13,0
Saint Lucia,2010,4,3,1
Saint Lucia,2011,8,8,0
Saint Lucia,2012,10,9,1
Saint Lucia,2013,14,13,1
Saint Lucia,2014,14,11,3
Saint Vincent and Grenadines,1985,2,2,0
Saint Vincent and Grenadines,1986,0,0,0
Saint Vincent and Grenadines,1987,0,0,0
Saint Vincent and Grenadines,1990,5,5,0
Saint Vincent and Grenadines,1995,7,7,0
Saint Vincent and Grenadines,1996,8,7,1
Saint Vincent and Grenadines,1997,3,3,0
Saint Vincent and Grenadines,1998,10,10,0
Saint Vincent and Grenadines,1999,6,6,0
Saint Vincent and Grenadines,2000,5,5,0
Saint Vincent and Grenadines,2001,8,7,1
Saint Vincent and Grenadines,2002,7,6,1
Saint Vincent and Grenadines,2003,4,4,0
Saint Vincent and Grenadines,2004,4,4,0
Saint Vincent and Grenadines,2005,8,7,1
Saint Vincent and Grenadines,2006,6,5,1
Saint Vincent and Grenadines,2007,11,11,0
Saint Vincent and Grenadines,2008,4,3,1
Saint Vincent and Grenadines,2009,1,1,0
Saint Vincent and Grenadines,2010,5,5,0
Saint Vincent and Grenadines,2011,5,4,1
Saint Vincent and Grenadines,2012,10,7,3
Saint Vincent and Grenadines,2013,0,0,0
Saint Vincent and Grenadines,2014,2,2,0
Saint Vincent and Grenadines,2015,3,2,1
San Marino,1999,2,2,0
San Marino,2000,1,1,0
San Marino,2005,1,1,0
Serbia,1998,1460,1015,445
Serbia,1999,1571,1091,480
Serbia,2000,1543,1069,474
Serbia,2001,1442,1025,417
Serbia,2002,1446,1051,395
Serbia,2003,1378,997,381
Serbia,2004,1345,978,367
Serbia,2005,1437,1006,431
Serbia,2006,1443,1021,422
Serbia,2007,1353,968,385
Serbia,2008,1289,903,386
Serbia,2009,1373,997,376
Serbia,2010,1207,903,304
Serbia,2011,1256,909,347
Serbia,2012,1243,932,311
Serbia,2013,1197,901,296
Serbia,2014,1134,857,277
Serbia,2015,1062,793,269
Seychelles,1985,8,7,1
Seychelles,1986,1,1,0
Seychelles,1987,3,3,0
Seychelles,2001,6,5,1
Seychelles,2002,5,5,0
Seychelles,2003,8,6,2
Seychelles,2004,6,6,0
Seychelles,2005,5,4,1
Seychelles,2006,8,8,0
Seychelles,2007,6,5,1
Seychelles,2008,4,4,0
Seychelles,2009,4,4,0
Seychelles,2010,6,6,0
Seychelles,2011,5,5,0
Seychelles,2012,3,3,0
Seychelles,2013,9,9,0
Seychelles,2014,4,2,2
Seychelles,2015,7,6,1
Singapore,1985,324,190,134
Singapore,1986,326,191,135
Singapore,1987,301,171,130
Singapore,1988,366,220,146
Singapore,1989,394,215,179
Singapore,1990,354,201,153
Singapore,1991,296,177,119
Singapore,1992,277,160,117
Singapore,1993,270,168,102
Singapore,1994,316,190,126
Singapore,1995,364,226,138
Singapore,1996,239,152,87
Singapore,1997,303,196,107
Singapore,1998,328,200,128
Singapore,1999,277,187,90
Singapore,2000,309,204,105
Singapore,2001,305,190,115
Singapore,2002,321,192,129
Singapore,2003,320,201,119
Singapore,2004,335,205,130
Singapore,2005,359,240,119
Singapore,2006,372,231,141
Singapore,2007,328,197,131
Singapore,2008,319,207,112
Singapore,2009,349,235,114
Singapore,2010,296,197,99
Singapore,2011,308,197,111
Singapore,2012,392,243,149
Singapore,2013,357,245,112
Singapore,2014,355,250,105
Singapore,2015,329,218,111
Slovakia,1992,796,654,142
Slovakia,1993,738,622,116
Slovakia,1994,691,583,108
Slovakia,1995,735,609,126
Slovakia,1996,672,566,106
Slovakia,1997,630,524,106
Slovakia,1998,673,585,88
Slovakia,1999,692,590,102
Slovakia,2000,729,594,135
Slovakia,2001,692,580,112
Slovakia,2002,717,617,100
Slovakia,2003,753,648,105
Slovakia,2004,676,564,112
Slovakia,2005,679,584,95
Slovakia,2006,0,0,0
Slovakia,2007,0,0,0
Slovakia,2008,591,508,83
Slovakia,2009,601,543,58
Slovakia,2010,631,539,92
Slovakia,2012,571,499,72
Slovakia,2013,616,533,83
Slovakia,2014,554,471,83
Slovenia,1995,564,435,129
Slovenia,1996,607,465,142
Slovenia,1997,593,473,120
Slovenia,1998,612,477,135
Slovenia,1999,590,453,137
Slovenia,2000,588,433,155
Slovenia,2001,581,459,122
Slovenia,2002,540,433,107
Slovenia,2003,562,440,122
Slovenia,2004,512,370,142
Slovenia,2005,503,391,112
Slovenia,2006,529,415,114
Slovenia,2007,434,335,99
Slovenia,2008,408,324,84
Slovenia,2009,447,350,97
Slovenia,2010,414,336,78
Slovenia,2011,435,347,88
Slovenia,2012,440,360,80
Slovenia,2013,446,360,86
Slovenia,2014,388,325,63
Slovenia,2015,422,332,90
South Africa,1996,143,113,30
South Africa,1997,104,82,22
South Africa,1998,180,137,43
South Africa,1999,279,219,60
South Africa,2000,267,209,58
South Africa,2001,384,312,72
South Africa,2002,236,189,47
South Africa,2003,256,193,63
South Africa,2004,383,294,89
South Africa,2005,458,357,101
South Africa,2006,514,417,97
South Africa,2007,417,313,104
South Africa,2008,441,346,95
South Africa,2009,372,280,92
South Africa,2010,393,299,94
South Africa,2011,358,283,75
South Africa,2012,487,373,114
South Africa,2013,587,467,120
South Africa,2014,580,459,121
South Africa,2015,482,377,105
Spain,1985,2514,1829,685
Spain,1986,2755,2032,723
Spain,1987,2804,2017,787
Spain,1988,2960,2150,810
Spain,1989,2987,2213,774
Spain,1990,2939,2135,804
Spain,1991,2916,2139,777
Spain,1992,2786,2104,682
Spain,1993,3037,2283,754
Spain,1994,3171,2429,742
Spain,1995,3157,2408,749
Spain,1996,3320,2451,869
Spain,1997,3373,2526,847
Spain,1998,3261,2499,762
Spain,1999,3220,2411,809
Spain,2000,3394,2575,819
Spain,2001,3189,2430,759
Spain,2002,3372,2555,817
Spain,2003,3478,2650,828
Spain,2004,3508,2651,857
Spain,2005,3399,2570,829
Spain,2006,3247,2512,735
Spain,2007,3264,2463,801
Spain,2008,3457,2676,781
Spain,2009,3429,2666,763
Spain,2010,3158,2468,690
Spain,2011,3180,2435,745
Spain,2012,3539,2724,815
Spain,2013,3873,2913,960
Spain,2014,3911,2938,973
Spain,2015,3604,2681,923
Sri Lanka,1985,5668,3938,1730
Sri Lanka,1986,5345,3854,1491
Sri Lanka,1996,4898,3728,1170
Sri Lanka,1997,5887,4390,1497
Sri Lanka,1998,5518,4206,1312
Sri Lanka,1999,5619,4271,1348
Sri Lanka,2000,5252,3959,1293
Sri Lanka,2001,4590,3582,1008
Sri Lanka,2002,4382,3465,917
Sri Lanka,2003,4467,3533,934
Sri Lanka,2006,4015,3117,898
Suriname,1985,80,58,22
Suriname,1986,42,30,12
Suriname,1987,52,40,12
Suriname,1988,49,32,17
Suriname,1989,53,41,12
Suriname,1990,26,22,4
Suriname,1991,57,35,22
Suriname,1992,48,35,13
Suriname,1995,55,42,13
Suriname,1996,21,17,4
Suriname,1997,32,21,11
Suriname,1998,29,21,8
Suriname,1999,49,34,15
Suriname,2000,52,38,14
Suriname,2001,72,56,16
Suriname,2002,69,48,21
Suriname,2003,77,58,19
Suriname,2004,67,49,18
Suriname,2005,72,60,12
Suriname,2006,112,84,28
Suriname,2007,119,87,32
Suriname,2008,147,113,34
Suriname,2009,131,99,32
Suriname,2010,136,94,42
Suriname,2011,127,95,32
Suriname,2012,133,100,33
Suriname,2013,131,97,34
Suriname,2014,128,92,36
Sweden,1987,1541,1077,464
Sweden,1988,1590,1098,492
Sweden,1989,1579,1122,457
Sweden,1990,1471,1020,451
Sweden,1991,1483,1036,447
Sweden,1992,1355,936,419
Sweden,1993,1373,956,417
Sweden,1994,1324,929,395
Sweden,1995,1348,936,412
Sweden,1996,1253,872,381
Sweden,1997,1201,857,344
Sweden,1998,1231,882,349
Sweden,1999,1220,862,358
Sweden,2000,1131,802,329
Sweden,2001,1197,833,364
Sweden,2002,1180,862,318
Sweden,2003,1112,776,336
Sweden,2004,1155,834,321
Sweden,2005,1219,835,384
Sweden,2006,1197,817,380
Sweden,2007,1126,801,325
Sweden,2008,1170,855,315
Sweden,2009,1242,888,354
Sweden,2010,1141,838,303
Sweden,2011,1112,789,323
Sweden,2012,1154,819,335
Sweden,2013,1230,862,368
Sweden,2014,1148,785,363
Sweden,2015,1182,851,331
Sweden,2016,1130,782,348
Switzerland,1995,1419,1018,401
Switzerland,1996,1432,1010,422
Switzerland,1997,1341,963,378
Switzerland,1998,1371,1009,362
Switzerland,1999,1296,929,367
Switzerland,2000,1380,981,399
Switzerland,2001,1338,945,393
Switzerland,2002,1446,980,466
Switzerland,2003,1269,848,421
Switzerland,2004,1284,857,427
Switzerland,2005,1299,899,400
Switzerland,2006,1309,863,446
Switzerland,2007,1360,920,440
Switzerland,2008,1314,861,453
Switzerland,2009,1105,827,278
Switzerland,2010,1006,724,282
Switzerland,2011,1034,757,277
Switzerland,2012,1038,752,286
Switzerland,2013,1071,786,285
Switzerland,2014,1032,756,276
Switzerland,2015,1073,793,280
Thailand,1985,2982,1742,1240
Thailand,1986,2798,1774,1024
Thailand,1987,3035,1855,1180
Thailand,1990,3753,2439,1314
Thailand,1991,3559,2402,1157
Thailand,1992,3550,2359,1191
Thailand,1994,2307,1612,695
Thailand,1995,4245,3100,1145
Thailand,1996,4443,3300,1143
Thailand,1997,4150,3196,954
Thailand,1998,4963,3842,1121
Thailand,1999,5276,4068,1208
Thailand,2000,5182,4033,1149
Thailand,2002,4902,3712,1190
Thailand,2003,4484,3425,1059
Thailand,2004,4296,3253,1043
Thailand,2005,3937,3030,907
Thailand,2006,3608,2852,756
Thailand,2007,3754,2943,811
Thailand,2008,3778,2906,872
Thailand,2009,3787,2926,861
Thailand,2010,3761,2913,848
Thailand,2011,3873,2985,888
Thailand,2012,3985,3055,930
Thailand,2013,3961,3105,856
Thailand,2014,3952,3074,878
Thailand,2015,4205,3366,839
Thailand,2016,4117,3275,842
Trinidad and Tobago,1985,29,24,5
Trinidad and Tobago,1986,104,69,35
Trinidad and Tobago,1987,119,92,27
Trinidad and Tobago,1988,164,118,46
Trinidad and Tobago,1989,173,132,41
Trinidad and Tobago,1990,170,125,45
Trinidad and Tobago,1991,148,118,30
Trinidad and Tobago,1992,163,137,26
Trinidad and Tobago,1993,174,148,26
Trinidad and Tobago,1994,148,118,30
Trinidad and Tobago,1995,184,145,39
Trinidad and Tobago,1996,146,111,35
Trinidad and Tobago,1997,160,129,31
Trinidad and Tobago,1998,171,141,30
Trinidad and Tobago,1999,139,109,30
Trinidad and Tobago,2000,166,134,32
Trinidad and Tobago,2001,179,141,38
Trinidad and Tobago,2002,156,129,27
Trinidad and Tobago,2003,144,109,35
Trinidad and Tobago,2004,168,143,25
Trinidad and Tobago,2005,136,110,26
Trinidad and Tobago,2006,141,115,26
Trinidad and Tobago,2007,131,111,20
Trinidad and Tobago,2008,199,163,36
Trinidad and Tobago,2009,128,107,21
Trinidad and Tobago,2010,160,129,31
Trinidad and Tobago,2011,139,112,27
Turkey,2009,1050,801,249
Turkey,2010,1524,1148,376
Turkey,2011,1148,850,298
Turkey,2012,1450,1072,378
Turkey,2013,1810,1347,463
Turkey,2014,1617,1209,408
Turkey,2015,1532,1135,397
Turkmenistan,1987,272,175,97
Turkmenistan,1988,270,186,84
Turkmenistan,1989,253,171,82
Turkmenistan,1990,298,216,82
Turkmenistan,1991,273,186,87
Turkmenistan,1992,271,191,80
Turkmenistan,1993,240,173,67
Turkmenistan,1994,234,165,69
Turkmenistan,1995,244,192,52
Turkmenistan,1996,283,230,53
Turkmenistan,1997,333,261,72
Turkmenistan,1998,405,322,83
Turkmenistan,1999,442,342,100
Turkmenistan,2000,383,307,76
Turkmenistan,2001,445,367,78
Turkmenistan,2002,416,336,80
Turkmenistan,2003,377,295,82
Turkmenistan,2004,392,299,93
Turkmenistan,2005,468,374,94
Turkmenistan,2006,506,392,114
Turkmenistan,2007,354,269,85
Turkmenistan,2008,484,370,114
Turkmenistan,2009,165,125,40
Turkmenistan,2010,178,131,47
Turkmenistan,2011,130,91,39
Turkmenistan,2012,138,105,33
Turkmenistan,2013,101,73,28
Turkmenistan,2014,136,92,44
Turkmenistan,2015,133,92,41
Ukraine,1987,10050,7457,2593
Ukraine,1988,9751,7243,2508
Ukraine,1989,10887,8296,2591
Ukraine,1990,10645,8229,2416
Ukraine,1991,10700,8338,2362
Ukraine,1992,11666,9128,2538
Ukraine,1993,12469,9864,2605
Ukraine,1994,13826,11063,2763
Ukraine,1995,14541,11909,2632
Ukraine,1996,15160,12495,2665
Ukraine,1997,14903,12110,2793
Ukraine,1998,14789,11948,2841
Ukraine,1999,14363,11726,2637
Ukraine,2000,14467,11834,2633
Ukraine,2001,13131,10939,2192
Ukraine,2002,12536,10367,2169
Ukraine,2003,12313,10163,2150
Ukraine,2004,11256,9391,1865
Ukraine,2005,10621,8860,1761
Ukraine,2006,10013,8300,1713
Ukraine,2007,10032,8403,1629
Ukraine,2008,9454,7779,1675
Ukraine,2009,9715,7991,1724
Ukraine,2010,9089,7510,1579
Ukraine,2011,8973,7309,1664
Ukraine,2012,9058,7361,1697
Ukraine,2014,7968,6412,1556
Ukraine,2015,7574,6148,1426
United Arab Emirates,2005,96,80,16
United Arab Emirates,2006,90,76,14
United Arab Emirates,2007,101,88,13
United Arab Emirates,2008,100,82,18
United Arab Emirates,2009,124,109,15
United Arab Emirates,2010,111,89,22
United Kingdom,1985,5105,3421,1684
United Kingdom,1986,4839,3391,1448
United Kingdom,1987,4594,3263,1331
United Kingdom,1988,4971,3611,1360
United Kingdom,1989,4361,3234,1127
United Kingdom,1990,4643,3524,1119
United Kingdom,1991,4547,3494,1053
United Kingdom,1992,4628,3557,1071
United Kingdom,1993,4462,3433,1029
United Kingdom,1994,4380,3390,990
United Kingdom,1995,4315,3354,961
United Kingdom,1996,4165,3185,980
United Kingdom,1997,4143,3197,946
United Kingdom,1998,4389,3407,982
United Kingdom,1999,4448,3443,1005
United Kingdom,2000,4290,3311,979
United Kingdom,2001,4128,3199,929
United Kingdom,2002,4117,3164,953
United Kingdom,2003,3979,3050,929
United Kingdom,2004,4183,3162,1021
United Kingdom,2005,4047,3054,993
United Kingdom,2006,4122,3186,936
United Kingdom,2007,3897,3025,872
United Kingdom,2008,4259,3300,959
United Kingdom,2009,4246,3313,933
United Kingdom,2010,4188,3225,963
United Kingdom,2011,4393,3433,960
United Kingdom,2012,4444,3512,932
United Kingdom,2013,4824,3831,993
United Kingdom,2014,4788,3717,1071
United Kingdom,2015,4910,3732,1178
United States,1985,29446,23138,6308
United States,1986,30892,24215,6677
United States,1987,30783,24261,6522
United States,1988,30388,24061,6327
United States,1989,30218,24090,6128
United States,1990,30895,24716,6179
United States,1991,30790,24752,6038
United States,1992,30471,24448,6023
United States,1993,31084,24992,6092
United States,1994,31123,25157,5966
United States,1995,31272,25358,5914
United States,1996,30879,24980,5899
United States,1997,30517,24476,6041
United States,1998,30558,24521,6037
United States,1999,29183,23442,5741
United States,2000,29343,23611,5732
United States,2001,30607,24658,5949
United States,2002,31645,25399,6246
United States,2003,31477,25196,6281
United States,2004,32428,25555,6873
United States,2005,32629,25900,6729
United States,2006,33292,26300,6992
United States,2007,34596,27267,7329
United States,2008,36030,28447,7583
United States,2009,36900,29079,7821
United States,2010,38362,30275,8087
United States,2011,39508,30996,8512
United States,2012,40596,31777,8819
United States,2013,41143,32049,9094
United States,2014,42769,33110,9659
United States,2015,44189,33990,10199
Uruguay,1985,287,236,51
Uruguay,1986,262,205,57
Uruguay,1987,258,192,66
Uruguay,1988,268,212,56
Uruguay,1989,344,276,68
Uruguay,1990,315,249,66
Uruguay,1993,418,319,99
Uruguay,1994,406,328,78
Uruguay,1995,427,324,103
Uruguay,1996,393,307,86
Uruguay,1997,456,366,90
Uruguay,1998,521,415,106
Uruguay,1999,450,366,84
Uruguay,2000,555,461,94
Uruguay,2001,499,390,109
Uruguay,2002,675,534,141
Uruguay,2003,535,412,123
Uruguay,2004,520,412,108
Uruguay,2005,498,383,115
Uruguay,2006,528,392,136
Uruguay,2007,576,441,135
Uruguay,2008,523,411,112
Uruguay,2009,511,408,103
Uruguay,2010,547,421,126
Uruguay,2012,599,476,123
Uruguay,2013,546,423,123
Uruguay,2014,591,460,131
Uruguay,2015,630,499,131
Uzbekistan,1990,1459,1008,451
Uzbekistan,1991,1393,1039,354
Uzbekistan,1992,1344,996,348
Uzbekistan,1993,1355,1005,350
Uzbekistan,1994,1419,1077,342
Uzbekistan,1995,1485,1154,331
Uzbekistan,1996,1699,1332,367
Uzbekistan,1997,1554,1206,348
Uzbekistan,1998,1620,1252,368
Uzbekistan,1999,1795,1375,420
Uzbekistan,2000,1919,1455,464
Uzbekistan,2001,1914,1462,452
Uzbekistan,2002,1576,1177,399
Uzbekistan,2003,1416,1037,379
Uzbekistan,2004,1251,943,308
Uzbekistan,2005,1221,921,300
Uzbekistan,2009,1399,1023,376
Uzbekistan,2010,1464,1011,453
Uzbekistan,2011,1640,1123,517
Uzbekistan,2012,1835,1220,615
Uzbekistan,2013,1950,1322,628
Uzbekistan,2014,2095,1405,690
